{
 "cells": [
  {
   "cell_type": "markdown",
   "id": "490542fd",
   "metadata": {},
   "source": [
    "### 1. 목표 설정\n",
    "- 보스턴 집값 데이터를 이용해서 회귀분석을 진행해보자.\n",
    "- 특성곱을 이용해서 새로운 특성을 만들어보자.\n",
    "- 규제 모델을 이용해서 모델의 복잡도를 제어해보자."
   ]
  },
  {
   "cell_type": "markdown",
   "id": "6d84dc1b",
   "metadata": {},
   "source": [
    "### 2. 데이터 수집\n",
    "- csv파일 불러오기(보스턴 주택 데이터)"
   ]
  },
  {
   "cell_type": "code",
   "execution_count": 1,
   "id": "97ea6349",
   "metadata": {},
   "outputs": [],
   "source": [
    "# 필요한 라이브러리 import\n",
    "import pandas as pd\n",
    "import numpy as np\n",
    "from matplotlib import pyplot as plt\n",
    "import seaborn as sns"
   ]
  },
  {
   "cell_type": "code",
   "execution_count": 2,
   "id": "1e178acb",
   "metadata": {},
   "outputs": [],
   "source": [
    "# 데이터 불러오기\n",
    "boston = pd.read_csv('./data/boston_housing.csv')"
   ]
  },
  {
   "cell_type": "code",
   "execution_count": 3,
   "id": "c9d963b7",
   "metadata": {},
   "outputs": [
    {
     "data": {
      "text/html": [
       "<div>\n",
       "<style scoped>\n",
       "    .dataframe tbody tr th:only-of-type {\n",
       "        vertical-align: middle;\n",
       "    }\n",
       "\n",
       "    .dataframe tbody tr th {\n",
       "        vertical-align: top;\n",
       "    }\n",
       "\n",
       "    .dataframe thead th {\n",
       "        text-align: right;\n",
       "    }\n",
       "</style>\n",
       "<table border=\"1\" class=\"dataframe\">\n",
       "  <thead>\n",
       "    <tr style=\"text-align: right;\">\n",
       "      <th></th>\n",
       "      <th>Unnamed: 0</th>\n",
       "      <th>CRIM</th>\n",
       "      <th>ZN</th>\n",
       "      <th>INDUS</th>\n",
       "      <th>CHAS</th>\n",
       "      <th>NOX</th>\n",
       "      <th>RM</th>\n",
       "      <th>AGE</th>\n",
       "      <th>DIS</th>\n",
       "      <th>RAD</th>\n",
       "      <th>TAX</th>\n",
       "      <th>PTRATIO</th>\n",
       "      <th>B</th>\n",
       "      <th>LSTAT</th>\n",
       "      <th>MEDV</th>\n",
       "    </tr>\n",
       "  </thead>\n",
       "  <tbody>\n",
       "    <tr>\n",
       "      <th>0</th>\n",
       "      <td>0</td>\n",
       "      <td>0.00632</td>\n",
       "      <td>18.0</td>\n",
       "      <td>2.31</td>\n",
       "      <td>0.0</td>\n",
       "      <td>0.538</td>\n",
       "      <td>6.575</td>\n",
       "      <td>65.2</td>\n",
       "      <td>4.0900</td>\n",
       "      <td>1.0</td>\n",
       "      <td>296.0</td>\n",
       "      <td>15.3</td>\n",
       "      <td>396.90</td>\n",
       "      <td>4.98</td>\n",
       "      <td>24.0</td>\n",
       "    </tr>\n",
       "    <tr>\n",
       "      <th>1</th>\n",
       "      <td>1</td>\n",
       "      <td>0.02731</td>\n",
       "      <td>0.0</td>\n",
       "      <td>7.07</td>\n",
       "      <td>0.0</td>\n",
       "      <td>0.469</td>\n",
       "      <td>6.421</td>\n",
       "      <td>78.9</td>\n",
       "      <td>4.9671</td>\n",
       "      <td>2.0</td>\n",
       "      <td>242.0</td>\n",
       "      <td>17.8</td>\n",
       "      <td>396.90</td>\n",
       "      <td>9.14</td>\n",
       "      <td>21.6</td>\n",
       "    </tr>\n",
       "    <tr>\n",
       "      <th>2</th>\n",
       "      <td>2</td>\n",
       "      <td>0.02729</td>\n",
       "      <td>0.0</td>\n",
       "      <td>7.07</td>\n",
       "      <td>0.0</td>\n",
       "      <td>0.469</td>\n",
       "      <td>7.185</td>\n",
       "      <td>61.1</td>\n",
       "      <td>4.9671</td>\n",
       "      <td>2.0</td>\n",
       "      <td>242.0</td>\n",
       "      <td>17.8</td>\n",
       "      <td>392.83</td>\n",
       "      <td>4.03</td>\n",
       "      <td>34.7</td>\n",
       "    </tr>\n",
       "    <tr>\n",
       "      <th>3</th>\n",
       "      <td>3</td>\n",
       "      <td>0.03237</td>\n",
       "      <td>0.0</td>\n",
       "      <td>2.18</td>\n",
       "      <td>0.0</td>\n",
       "      <td>0.458</td>\n",
       "      <td>6.998</td>\n",
       "      <td>45.8</td>\n",
       "      <td>6.0622</td>\n",
       "      <td>3.0</td>\n",
       "      <td>222.0</td>\n",
       "      <td>18.7</td>\n",
       "      <td>394.63</td>\n",
       "      <td>2.94</td>\n",
       "      <td>33.4</td>\n",
       "    </tr>\n",
       "    <tr>\n",
       "      <th>4</th>\n",
       "      <td>4</td>\n",
       "      <td>0.06905</td>\n",
       "      <td>0.0</td>\n",
       "      <td>2.18</td>\n",
       "      <td>0.0</td>\n",
       "      <td>0.458</td>\n",
       "      <td>7.147</td>\n",
       "      <td>54.2</td>\n",
       "      <td>6.0622</td>\n",
       "      <td>3.0</td>\n",
       "      <td>222.0</td>\n",
       "      <td>18.7</td>\n",
       "      <td>396.90</td>\n",
       "      <td>5.33</td>\n",
       "      <td>36.2</td>\n",
       "    </tr>\n",
       "  </tbody>\n",
       "</table>\n",
       "</div>"
      ],
      "text/plain": [
       "   Unnamed: 0     CRIM    ZN  INDUS  CHAS    NOX     RM   AGE     DIS  RAD  \\\n",
       "0           0  0.00632  18.0   2.31   0.0  0.538  6.575  65.2  4.0900  1.0   \n",
       "1           1  0.02731   0.0   7.07   0.0  0.469  6.421  78.9  4.9671  2.0   \n",
       "2           2  0.02729   0.0   7.07   0.0  0.469  7.185  61.1  4.9671  2.0   \n",
       "3           3  0.03237   0.0   2.18   0.0  0.458  6.998  45.8  6.0622  3.0   \n",
       "4           4  0.06905   0.0   2.18   0.0  0.458  7.147  54.2  6.0622  3.0   \n",
       "\n",
       "     TAX  PTRATIO       B  LSTAT  MEDV  \n",
       "0  296.0     15.3  396.90   4.98  24.0  \n",
       "1  242.0     17.8  396.90   9.14  21.6  \n",
       "2  242.0     17.8  392.83   4.03  34.7  \n",
       "3  222.0     18.7  394.63   2.94  33.4  \n",
       "4  222.0     18.7  396.90   5.33  36.2  "
      ]
     },
     "execution_count": 3,
     "metadata": {},
     "output_type": "execute_result"
    }
   ],
   "source": [
    "boston.head()"
   ]
  },
  {
   "cell_type": "code",
   "execution_count": 4,
   "id": "b3a308c6",
   "metadata": {},
   "outputs": [],
   "source": [
    "# 필요없는 Unnamed 컬럼 삭제\n",
    "boston.drop('Unnamed: 0', axis=1, inplace=True)"
   ]
  },
  {
   "cell_type": "code",
   "execution_count": 5,
   "id": "14d7c660",
   "metadata": {},
   "outputs": [
    {
     "data": {
      "text/html": [
       "<div>\n",
       "<style scoped>\n",
       "    .dataframe tbody tr th:only-of-type {\n",
       "        vertical-align: middle;\n",
       "    }\n",
       "\n",
       "    .dataframe tbody tr th {\n",
       "        vertical-align: top;\n",
       "    }\n",
       "\n",
       "    .dataframe thead th {\n",
       "        text-align: right;\n",
       "    }\n",
       "</style>\n",
       "<table border=\"1\" class=\"dataframe\">\n",
       "  <thead>\n",
       "    <tr style=\"text-align: right;\">\n",
       "      <th></th>\n",
       "      <th>CRIM</th>\n",
       "      <th>ZN</th>\n",
       "      <th>INDUS</th>\n",
       "      <th>CHAS</th>\n",
       "      <th>NOX</th>\n",
       "      <th>RM</th>\n",
       "      <th>AGE</th>\n",
       "      <th>DIS</th>\n",
       "      <th>RAD</th>\n",
       "      <th>TAX</th>\n",
       "      <th>PTRATIO</th>\n",
       "      <th>B</th>\n",
       "      <th>LSTAT</th>\n",
       "      <th>MEDV</th>\n",
       "    </tr>\n",
       "  </thead>\n",
       "  <tbody>\n",
       "    <tr>\n",
       "      <th>0</th>\n",
       "      <td>0.00632</td>\n",
       "      <td>18.0</td>\n",
       "      <td>2.31</td>\n",
       "      <td>0.0</td>\n",
       "      <td>0.538</td>\n",
       "      <td>6.575</td>\n",
       "      <td>65.2</td>\n",
       "      <td>4.0900</td>\n",
       "      <td>1.0</td>\n",
       "      <td>296.0</td>\n",
       "      <td>15.3</td>\n",
       "      <td>396.90</td>\n",
       "      <td>4.98</td>\n",
       "      <td>24.0</td>\n",
       "    </tr>\n",
       "    <tr>\n",
       "      <th>1</th>\n",
       "      <td>0.02731</td>\n",
       "      <td>0.0</td>\n",
       "      <td>7.07</td>\n",
       "      <td>0.0</td>\n",
       "      <td>0.469</td>\n",
       "      <td>6.421</td>\n",
       "      <td>78.9</td>\n",
       "      <td>4.9671</td>\n",
       "      <td>2.0</td>\n",
       "      <td>242.0</td>\n",
       "      <td>17.8</td>\n",
       "      <td>396.90</td>\n",
       "      <td>9.14</td>\n",
       "      <td>21.6</td>\n",
       "    </tr>\n",
       "    <tr>\n",
       "      <th>2</th>\n",
       "      <td>0.02729</td>\n",
       "      <td>0.0</td>\n",
       "      <td>7.07</td>\n",
       "      <td>0.0</td>\n",
       "      <td>0.469</td>\n",
       "      <td>7.185</td>\n",
       "      <td>61.1</td>\n",
       "      <td>4.9671</td>\n",
       "      <td>2.0</td>\n",
       "      <td>242.0</td>\n",
       "      <td>17.8</td>\n",
       "      <td>392.83</td>\n",
       "      <td>4.03</td>\n",
       "      <td>34.7</td>\n",
       "    </tr>\n",
       "    <tr>\n",
       "      <th>3</th>\n",
       "      <td>0.03237</td>\n",
       "      <td>0.0</td>\n",
       "      <td>2.18</td>\n",
       "      <td>0.0</td>\n",
       "      <td>0.458</td>\n",
       "      <td>6.998</td>\n",
       "      <td>45.8</td>\n",
       "      <td>6.0622</td>\n",
       "      <td>3.0</td>\n",
       "      <td>222.0</td>\n",
       "      <td>18.7</td>\n",
       "      <td>394.63</td>\n",
       "      <td>2.94</td>\n",
       "      <td>33.4</td>\n",
       "    </tr>\n",
       "    <tr>\n",
       "      <th>4</th>\n",
       "      <td>0.06905</td>\n",
       "      <td>0.0</td>\n",
       "      <td>2.18</td>\n",
       "      <td>0.0</td>\n",
       "      <td>0.458</td>\n",
       "      <td>7.147</td>\n",
       "      <td>54.2</td>\n",
       "      <td>6.0622</td>\n",
       "      <td>3.0</td>\n",
       "      <td>222.0</td>\n",
       "      <td>18.7</td>\n",
       "      <td>396.90</td>\n",
       "      <td>5.33</td>\n",
       "      <td>36.2</td>\n",
       "    </tr>\n",
       "    <tr>\n",
       "      <th>...</th>\n",
       "      <td>...</td>\n",
       "      <td>...</td>\n",
       "      <td>...</td>\n",
       "      <td>...</td>\n",
       "      <td>...</td>\n",
       "      <td>...</td>\n",
       "      <td>...</td>\n",
       "      <td>...</td>\n",
       "      <td>...</td>\n",
       "      <td>...</td>\n",
       "      <td>...</td>\n",
       "      <td>...</td>\n",
       "      <td>...</td>\n",
       "      <td>...</td>\n",
       "    </tr>\n",
       "    <tr>\n",
       "      <th>501</th>\n",
       "      <td>0.06263</td>\n",
       "      <td>0.0</td>\n",
       "      <td>11.93</td>\n",
       "      <td>0.0</td>\n",
       "      <td>0.573</td>\n",
       "      <td>6.593</td>\n",
       "      <td>69.1</td>\n",
       "      <td>2.4786</td>\n",
       "      <td>1.0</td>\n",
       "      <td>273.0</td>\n",
       "      <td>21.0</td>\n",
       "      <td>391.99</td>\n",
       "      <td>9.67</td>\n",
       "      <td>22.4</td>\n",
       "    </tr>\n",
       "    <tr>\n",
       "      <th>502</th>\n",
       "      <td>0.04527</td>\n",
       "      <td>0.0</td>\n",
       "      <td>11.93</td>\n",
       "      <td>0.0</td>\n",
       "      <td>0.573</td>\n",
       "      <td>6.120</td>\n",
       "      <td>76.7</td>\n",
       "      <td>2.2875</td>\n",
       "      <td>1.0</td>\n",
       "      <td>273.0</td>\n",
       "      <td>21.0</td>\n",
       "      <td>396.90</td>\n",
       "      <td>9.08</td>\n",
       "      <td>20.6</td>\n",
       "    </tr>\n",
       "    <tr>\n",
       "      <th>503</th>\n",
       "      <td>0.06076</td>\n",
       "      <td>0.0</td>\n",
       "      <td>11.93</td>\n",
       "      <td>0.0</td>\n",
       "      <td>0.573</td>\n",
       "      <td>6.976</td>\n",
       "      <td>91.0</td>\n",
       "      <td>2.1675</td>\n",
       "      <td>1.0</td>\n",
       "      <td>273.0</td>\n",
       "      <td>21.0</td>\n",
       "      <td>396.90</td>\n",
       "      <td>5.64</td>\n",
       "      <td>23.9</td>\n",
       "    </tr>\n",
       "    <tr>\n",
       "      <th>504</th>\n",
       "      <td>0.10959</td>\n",
       "      <td>0.0</td>\n",
       "      <td>11.93</td>\n",
       "      <td>0.0</td>\n",
       "      <td>0.573</td>\n",
       "      <td>6.794</td>\n",
       "      <td>89.3</td>\n",
       "      <td>2.3889</td>\n",
       "      <td>1.0</td>\n",
       "      <td>273.0</td>\n",
       "      <td>21.0</td>\n",
       "      <td>393.45</td>\n",
       "      <td>6.48</td>\n",
       "      <td>22.0</td>\n",
       "    </tr>\n",
       "    <tr>\n",
       "      <th>505</th>\n",
       "      <td>0.04741</td>\n",
       "      <td>0.0</td>\n",
       "      <td>11.93</td>\n",
       "      <td>0.0</td>\n",
       "      <td>0.573</td>\n",
       "      <td>6.030</td>\n",
       "      <td>80.8</td>\n",
       "      <td>2.5050</td>\n",
       "      <td>1.0</td>\n",
       "      <td>273.0</td>\n",
       "      <td>21.0</td>\n",
       "      <td>396.90</td>\n",
       "      <td>7.88</td>\n",
       "      <td>11.9</td>\n",
       "    </tr>\n",
       "  </tbody>\n",
       "</table>\n",
       "<p>506 rows × 14 columns</p>\n",
       "</div>"
      ],
      "text/plain": [
       "        CRIM    ZN  INDUS  CHAS    NOX     RM   AGE     DIS  RAD    TAX  \\\n",
       "0    0.00632  18.0   2.31   0.0  0.538  6.575  65.2  4.0900  1.0  296.0   \n",
       "1    0.02731   0.0   7.07   0.0  0.469  6.421  78.9  4.9671  2.0  242.0   \n",
       "2    0.02729   0.0   7.07   0.0  0.469  7.185  61.1  4.9671  2.0  242.0   \n",
       "3    0.03237   0.0   2.18   0.0  0.458  6.998  45.8  6.0622  3.0  222.0   \n",
       "4    0.06905   0.0   2.18   0.0  0.458  7.147  54.2  6.0622  3.0  222.0   \n",
       "..       ...   ...    ...   ...    ...    ...   ...     ...  ...    ...   \n",
       "501  0.06263   0.0  11.93   0.0  0.573  6.593  69.1  2.4786  1.0  273.0   \n",
       "502  0.04527   0.0  11.93   0.0  0.573  6.120  76.7  2.2875  1.0  273.0   \n",
       "503  0.06076   0.0  11.93   0.0  0.573  6.976  91.0  2.1675  1.0  273.0   \n",
       "504  0.10959   0.0  11.93   0.0  0.573  6.794  89.3  2.3889  1.0  273.0   \n",
       "505  0.04741   0.0  11.93   0.0  0.573  6.030  80.8  2.5050  1.0  273.0   \n",
       "\n",
       "     PTRATIO       B  LSTAT  MEDV  \n",
       "0       15.3  396.90   4.98  24.0  \n",
       "1       17.8  396.90   9.14  21.6  \n",
       "2       17.8  392.83   4.03  34.7  \n",
       "3       18.7  394.63   2.94  33.4  \n",
       "4       18.7  396.90   5.33  36.2  \n",
       "..       ...     ...    ...   ...  \n",
       "501     21.0  391.99   9.67  22.4  \n",
       "502     21.0  396.90   9.08  20.6  \n",
       "503     21.0  396.90   5.64  23.9  \n",
       "504     21.0  393.45   6.48  22.0  \n",
       "505     21.0  396.90   7.88  11.9  \n",
       "\n",
       "[506 rows x 14 columns]"
      ]
     },
     "execution_count": 5,
     "metadata": {},
     "output_type": "execute_result"
    }
   ],
   "source": [
    "boston"
   ]
  },
  {
   "cell_type": "code",
   "execution_count": 6,
   "id": "74b896e1",
   "metadata": {},
   "outputs": [
    {
     "name": "stdout",
     "output_type": "stream",
     "text": [
      "<class 'pandas.core.frame.DataFrame'>\n",
      "RangeIndex: 506 entries, 0 to 505\n",
      "Data columns (total 14 columns):\n",
      " #   Column   Non-Null Count  Dtype  \n",
      "---  ------   --------------  -----  \n",
      " 0   CRIM     506 non-null    float64\n",
      " 1   ZN       506 non-null    float64\n",
      " 2   INDUS    506 non-null    float64\n",
      " 3   CHAS     506 non-null    float64\n",
      " 4   NOX      506 non-null    float64\n",
      " 5   RM       506 non-null    float64\n",
      " 6   AGE      506 non-null    float64\n",
      " 7   DIS      506 non-null    float64\n",
      " 8   RAD      506 non-null    float64\n",
      " 9   TAX      506 non-null    float64\n",
      " 10  PTRATIO  506 non-null    float64\n",
      " 11  B        506 non-null    float64\n",
      " 12  LSTAT    506 non-null    float64\n",
      " 13  MEDV     506 non-null    float64\n",
      "dtypes: float64(14)\n",
      "memory usage: 55.5 KB\n"
     ]
    }
   ],
   "source": [
    "boston.info()"
   ]
  },
  {
   "cell_type": "markdown",
   "id": "f434b598",
   "metadata": {},
   "source": [
    "- 결측치 없음!"
   ]
  },
  {
   "cell_type": "markdown",
   "id": "4d1d3367",
   "metadata": {},
   "source": [
    "**특성정보 확인**\n",
    "- CRIM : 범죄율\n",
    "- INDUS : 비소매상업지역의 면적 비율 -> 도매상업지역의 면적\n",
    "- NOX : 대기중 일산화질소의 농도\n",
    "- RM : 주택당 방의 갯수\n",
    "- LSTAT : 인구중 하위 계층의 비율\n",
    "- B : 인구중 흑인의 비율\n",
    "- PTRATIO : 학생 / 교사 비율\n",
    "- ZN : 25,000 평방 피트를 초과한 거주지역의 비율\n",
    "- CHAS : 찰스 강의 경계에 위치한 경우는 1, 아닌 경우는 0\n",
    "- AGE : 1940년대 이전에 지어진 주택의 비율\n",
    "- DIS : 직업센터의 거리\n",
    "- TAX : 재산세율\n",
    "\n",
    "**종속변수 확인**\n",
    "- MEDV : 집 값"
   ]
  },
  {
   "cell_type": "markdown",
   "id": "dcd20eaa",
   "metadata": {},
   "source": [
    "### 3. 데이터 전처리\n",
    "- 결측치 없었다!\n",
    "- 보스턴 주택 데이터는 학습용으로 제공된 데이터라 전처리가 필요없다.(데이터가 깔끔함)"
   ]
  },
  {
   "cell_type": "markdown",
   "id": "9aa54511",
   "metadata": {},
   "source": [
    "### 4. 탐색적 데이터 분석\n",
    "- 생략"
   ]
  },
  {
   "cell_type": "markdown",
   "id": "113f7996",
   "metadata": {},
   "source": [
    "### 5. 모델링 \n",
    "- 데이터 분리(X_train, X_test, y_train, y_test)\n",
    "- 모델 선정 및 학습 / 평가 / 예측"
   ]
  },
  {
   "cell_type": "code",
   "execution_count": 12,
   "id": "7c7dddee",
   "metadata": {},
   "outputs": [
    {
     "data": {
      "text/plain": [
       "((354, 13), (152, 13), (354,), (152,))"
      ]
     },
     "execution_count": 12,
     "metadata": {},
     "output_type": "execute_result"
    }
   ],
   "source": [
    "# 데이터 분리\n",
    "# step.1 : 데이터를 분리하기 위한 모듈 불러오기\n",
    "from sklearn.model_selection import train_test_split\n",
    "# step.2 : 데이터 분리하기 (y(정답 데이터는 MEDV 컬럼))\n",
    "# 현재 데이터의 상태부터 확인 -> 문제와 정답, train / test가 모두 한곳에 있는 데이터\n",
    "# 문제와 정답을 분할해준 후 모듈을 돌려야함\n",
    "X = boston.drop('MEDV', axis=1)\n",
    "y = boston['MEDV']\n",
    "# train_test_split 모듈 돌려보기\n",
    "X_train, X_test, y_train, y_test = train_test_split(X, y,\n",
    "                                                    test_size = 0.3,\n",
    "                                                    random_state=8)\n",
    "# step.3 : 데이터 분할 확인하기\n",
    "X_train.shape, X_test.shape, y_train.shape, y_test.shape"
   ]
  },
  {
   "cell_type": "code",
   "execution_count": 13,
   "id": "9c12f0f1",
   "metadata": {},
   "outputs": [
    {
     "data": {
      "text/html": [
       "<div>\n",
       "<style scoped>\n",
       "    .dataframe tbody tr th:only-of-type {\n",
       "        vertical-align: middle;\n",
       "    }\n",
       "\n",
       "    .dataframe tbody tr th {\n",
       "        vertical-align: top;\n",
       "    }\n",
       "\n",
       "    .dataframe thead th {\n",
       "        text-align: right;\n",
       "    }\n",
       "</style>\n",
       "<table border=\"1\" class=\"dataframe\">\n",
       "  <thead>\n",
       "    <tr style=\"text-align: right;\">\n",
       "      <th></th>\n",
       "      <th>CRIM</th>\n",
       "      <th>ZN</th>\n",
       "      <th>INDUS</th>\n",
       "      <th>CHAS</th>\n",
       "      <th>NOX</th>\n",
       "      <th>RM</th>\n",
       "      <th>AGE</th>\n",
       "      <th>DIS</th>\n",
       "      <th>RAD</th>\n",
       "      <th>TAX</th>\n",
       "      <th>PTRATIO</th>\n",
       "      <th>B</th>\n",
       "      <th>LSTAT</th>\n",
       "    </tr>\n",
       "  </thead>\n",
       "  <tbody>\n",
       "    <tr>\n",
       "      <th>CRIM</th>\n",
       "      <td>1.000000</td>\n",
       "      <td>-0.182937</td>\n",
       "      <td>0.376299</td>\n",
       "      <td>-0.060861</td>\n",
       "      <td>0.403308</td>\n",
       "      <td>-0.171128</td>\n",
       "      <td>0.340789</td>\n",
       "      <td>-0.362843</td>\n",
       "      <td>0.594251</td>\n",
       "      <td>0.545004</td>\n",
       "      <td>0.267743</td>\n",
       "      <td>-0.348000</td>\n",
       "      <td>0.415125</td>\n",
       "    </tr>\n",
       "    <tr>\n",
       "      <th>ZN</th>\n",
       "      <td>-0.182937</td>\n",
       "      <td>1.000000</td>\n",
       "      <td>-0.522421</td>\n",
       "      <td>-0.028334</td>\n",
       "      <td>-0.510633</td>\n",
       "      <td>0.355158</td>\n",
       "      <td>-0.558727</td>\n",
       "      <td>0.636020</td>\n",
       "      <td>-0.301522</td>\n",
       "      <td>-0.313148</td>\n",
       "      <td>-0.382122</td>\n",
       "      <td>0.179154</td>\n",
       "      <td>-0.432618</td>\n",
       "    </tr>\n",
       "    <tr>\n",
       "      <th>INDUS</th>\n",
       "      <td>0.376299</td>\n",
       "      <td>-0.522421</td>\n",
       "      <td>1.000000</td>\n",
       "      <td>0.036183</td>\n",
       "      <td>0.769310</td>\n",
       "      <td>-0.399291</td>\n",
       "      <td>0.643300</td>\n",
       "      <td>-0.711740</td>\n",
       "      <td>0.579389</td>\n",
       "      <td>0.725878</td>\n",
       "      <td>0.383825</td>\n",
       "      <td>-0.355823</td>\n",
       "      <td>0.619686</td>\n",
       "    </tr>\n",
       "    <tr>\n",
       "      <th>CHAS</th>\n",
       "      <td>-0.060861</td>\n",
       "      <td>-0.028334</td>\n",
       "      <td>0.036183</td>\n",
       "      <td>1.000000</td>\n",
       "      <td>0.089168</td>\n",
       "      <td>0.054014</td>\n",
       "      <td>0.071898</td>\n",
       "      <td>-0.090506</td>\n",
       "      <td>-0.019416</td>\n",
       "      <td>-0.060153</td>\n",
       "      <td>-0.174327</td>\n",
       "      <td>0.046020</td>\n",
       "      <td>-0.054811</td>\n",
       "    </tr>\n",
       "    <tr>\n",
       "      <th>NOX</th>\n",
       "      <td>0.403308</td>\n",
       "      <td>-0.510633</td>\n",
       "      <td>0.769310</td>\n",
       "      <td>0.089168</td>\n",
       "      <td>1.000000</td>\n",
       "      <td>-0.330699</td>\n",
       "      <td>0.713332</td>\n",
       "      <td>-0.764739</td>\n",
       "      <td>0.625537</td>\n",
       "      <td>0.683354</td>\n",
       "      <td>0.222476</td>\n",
       "      <td>-0.375495</td>\n",
       "      <td>0.622120</td>\n",
       "    </tr>\n",
       "    <tr>\n",
       "      <th>RM</th>\n",
       "      <td>-0.171128</td>\n",
       "      <td>0.355158</td>\n",
       "      <td>-0.399291</td>\n",
       "      <td>0.054014</td>\n",
       "      <td>-0.330699</td>\n",
       "      <td>1.000000</td>\n",
       "      <td>-0.258584</td>\n",
       "      <td>0.221348</td>\n",
       "      <td>-0.179420</td>\n",
       "      <td>-0.273715</td>\n",
       "      <td>-0.346742</td>\n",
       "      <td>0.107636</td>\n",
       "      <td>-0.597224</td>\n",
       "    </tr>\n",
       "    <tr>\n",
       "      <th>AGE</th>\n",
       "      <td>0.340789</td>\n",
       "      <td>-0.558727</td>\n",
       "      <td>0.643300</td>\n",
       "      <td>0.071898</td>\n",
       "      <td>0.713332</td>\n",
       "      <td>-0.258584</td>\n",
       "      <td>1.000000</td>\n",
       "      <td>-0.717366</td>\n",
       "      <td>0.456727</td>\n",
       "      <td>0.509456</td>\n",
       "      <td>0.283653</td>\n",
       "      <td>-0.266401</td>\n",
       "      <td>0.609375</td>\n",
       "    </tr>\n",
       "    <tr>\n",
       "      <th>DIS</th>\n",
       "      <td>-0.362843</td>\n",
       "      <td>0.636020</td>\n",
       "      <td>-0.711740</td>\n",
       "      <td>-0.090506</td>\n",
       "      <td>-0.764739</td>\n",
       "      <td>0.221348</td>\n",
       "      <td>-0.717366</td>\n",
       "      <td>1.000000</td>\n",
       "      <td>-0.491937</td>\n",
       "      <td>-0.543658</td>\n",
       "      <td>-0.245896</td>\n",
       "      <td>0.293658</td>\n",
       "      <td>-0.503820</td>\n",
       "    </tr>\n",
       "    <tr>\n",
       "      <th>RAD</th>\n",
       "      <td>0.594251</td>\n",
       "      <td>-0.301522</td>\n",
       "      <td>0.579389</td>\n",
       "      <td>-0.019416</td>\n",
       "      <td>0.625537</td>\n",
       "      <td>-0.179420</td>\n",
       "      <td>0.456727</td>\n",
       "      <td>-0.491937</td>\n",
       "      <td>1.000000</td>\n",
       "      <td>0.894749</td>\n",
       "      <td>0.451842</td>\n",
       "      <td>-0.459237</td>\n",
       "      <td>0.465304</td>\n",
       "    </tr>\n",
       "    <tr>\n",
       "      <th>TAX</th>\n",
       "      <td>0.545004</td>\n",
       "      <td>-0.313148</td>\n",
       "      <td>0.725878</td>\n",
       "      <td>-0.060153</td>\n",
       "      <td>0.683354</td>\n",
       "      <td>-0.273715</td>\n",
       "      <td>0.509456</td>\n",
       "      <td>-0.543658</td>\n",
       "      <td>0.894749</td>\n",
       "      <td>1.000000</td>\n",
       "      <td>0.460166</td>\n",
       "      <td>-0.449736</td>\n",
       "      <td>0.536399</td>\n",
       "    </tr>\n",
       "    <tr>\n",
       "      <th>PTRATIO</th>\n",
       "      <td>0.267743</td>\n",
       "      <td>-0.382122</td>\n",
       "      <td>0.383825</td>\n",
       "      <td>-0.174327</td>\n",
       "      <td>0.222476</td>\n",
       "      <td>-0.346742</td>\n",
       "      <td>0.283653</td>\n",
       "      <td>-0.245896</td>\n",
       "      <td>0.451842</td>\n",
       "      <td>0.460166</td>\n",
       "      <td>1.000000</td>\n",
       "      <td>-0.186885</td>\n",
       "      <td>0.360717</td>\n",
       "    </tr>\n",
       "    <tr>\n",
       "      <th>B</th>\n",
       "      <td>-0.348000</td>\n",
       "      <td>0.179154</td>\n",
       "      <td>-0.355823</td>\n",
       "      <td>0.046020</td>\n",
       "      <td>-0.375495</td>\n",
       "      <td>0.107636</td>\n",
       "      <td>-0.266401</td>\n",
       "      <td>0.293658</td>\n",
       "      <td>-0.459237</td>\n",
       "      <td>-0.449736</td>\n",
       "      <td>-0.186885</td>\n",
       "      <td>1.000000</td>\n",
       "      <td>-0.353329</td>\n",
       "    </tr>\n",
       "    <tr>\n",
       "      <th>LSTAT</th>\n",
       "      <td>0.415125</td>\n",
       "      <td>-0.432618</td>\n",
       "      <td>0.619686</td>\n",
       "      <td>-0.054811</td>\n",
       "      <td>0.622120</td>\n",
       "      <td>-0.597224</td>\n",
       "      <td>0.609375</td>\n",
       "      <td>-0.503820</td>\n",
       "      <td>0.465304</td>\n",
       "      <td>0.536399</td>\n",
       "      <td>0.360717</td>\n",
       "      <td>-0.353329</td>\n",
       "      <td>1.000000</td>\n",
       "    </tr>\n",
       "  </tbody>\n",
       "</table>\n",
       "</div>"
      ],
      "text/plain": [
       "             CRIM        ZN     INDUS      CHAS       NOX        RM       AGE  \\\n",
       "CRIM     1.000000 -0.182937  0.376299 -0.060861  0.403308 -0.171128  0.340789   \n",
       "ZN      -0.182937  1.000000 -0.522421 -0.028334 -0.510633  0.355158 -0.558727   \n",
       "INDUS    0.376299 -0.522421  1.000000  0.036183  0.769310 -0.399291  0.643300   \n",
       "CHAS    -0.060861 -0.028334  0.036183  1.000000  0.089168  0.054014  0.071898   \n",
       "NOX      0.403308 -0.510633  0.769310  0.089168  1.000000 -0.330699  0.713332   \n",
       "RM      -0.171128  0.355158 -0.399291  0.054014 -0.330699  1.000000 -0.258584   \n",
       "AGE      0.340789 -0.558727  0.643300  0.071898  0.713332 -0.258584  1.000000   \n",
       "DIS     -0.362843  0.636020 -0.711740 -0.090506 -0.764739  0.221348 -0.717366   \n",
       "RAD      0.594251 -0.301522  0.579389 -0.019416  0.625537 -0.179420  0.456727   \n",
       "TAX      0.545004 -0.313148  0.725878 -0.060153  0.683354 -0.273715  0.509456   \n",
       "PTRATIO  0.267743 -0.382122  0.383825 -0.174327  0.222476 -0.346742  0.283653   \n",
       "B       -0.348000  0.179154 -0.355823  0.046020 -0.375495  0.107636 -0.266401   \n",
       "LSTAT    0.415125 -0.432618  0.619686 -0.054811  0.622120 -0.597224  0.609375   \n",
       "\n",
       "              DIS       RAD       TAX   PTRATIO         B     LSTAT  \n",
       "CRIM    -0.362843  0.594251  0.545004  0.267743 -0.348000  0.415125  \n",
       "ZN       0.636020 -0.301522 -0.313148 -0.382122  0.179154 -0.432618  \n",
       "INDUS   -0.711740  0.579389  0.725878  0.383825 -0.355823  0.619686  \n",
       "CHAS    -0.090506 -0.019416 -0.060153 -0.174327  0.046020 -0.054811  \n",
       "NOX     -0.764739  0.625537  0.683354  0.222476 -0.375495  0.622120  \n",
       "RM       0.221348 -0.179420 -0.273715 -0.346742  0.107636 -0.597224  \n",
       "AGE     -0.717366  0.456727  0.509456  0.283653 -0.266401  0.609375  \n",
       "DIS      1.000000 -0.491937 -0.543658 -0.245896  0.293658 -0.503820  \n",
       "RAD     -0.491937  1.000000  0.894749  0.451842 -0.459237  0.465304  \n",
       "TAX     -0.543658  0.894749  1.000000  0.460166 -0.449736  0.536399  \n",
       "PTRATIO -0.245896  0.451842  0.460166  1.000000 -0.186885  0.360717  \n",
       "B        0.293658 -0.459237 -0.449736 -0.186885  1.000000 -0.353329  \n",
       "LSTAT   -0.503820  0.465304  0.536399  0.360717 -0.353329  1.000000  "
      ]
     },
     "execution_count": 13,
     "metadata": {},
     "output_type": "execute_result"
    }
   ],
   "source": [
    "# 분할된 데이터를 가지고 상관계수 확인하기\n",
    "X_train.corr()"
   ]
  },
  {
   "cell_type": "code",
   "execution_count": 24,
   "id": "c8ad3306",
   "metadata": {
    "scrolled": true
   },
   "outputs": [
    {
     "data": {
      "text/plain": [
       "<Axes: >"
      ]
     },
     "execution_count": 24,
     "metadata": {},
     "output_type": "execute_result"
    },
    {
     "data": {
